% Script to recover costs in other scripts.

cost = cell(1, 3);

cost{1} = [0; 12000; 5000; 17000]; % M
cost{2} = [0; 9000; 18000]; % F
cost{3} = [0; 35000; 15000; 55000; 48000]; % C
